1:
3910
3940
4135
4300
3850

34594
64346
114400
33370
84951

======
2:
4704
4714
4554
4435
4664

121151
124916
121318
33733
123833

======
3:
4705
4715
null
null
4375

36074
45092
130240
128011
40349

======
4:
4785
4795
null
3901
4885

38987
48595
130702
36276
26376

======
5:
3910
3940
4135
4300
3850

84273
49798
32215
44255
51791

======
6:
4126
4076
null
null
4026

81065
16473
124138
123392
82244

======
7:
4465
4275
4825
4810
4365

17315
4786
127616
121115
60085

======
8:
3845
3440
3635
3800
null

17821
23783
15864
112396
122618

======
9:
3695
3970
null
4110
3863

78028
91347
126586
102779
33277

======
10:
3596
3666
3886
3871
3576

68488
67314
5516
98571
71771

======
11:
3636
3440
3670
3800
3290

75804
105852
25523
116568
47753

======
