0:
4714
4744
4539
4332
4594

54202
52818
5472
6074
39885

======
1:
3910
3940
4135
3850
4476

86315
65701
4826
20128
18056

======
2:
4395
4344
4087
3311
4475

47720
8805
30707
2232
14383

======
3:
4575
4585
4200
4476
4634

71607
42714
41970
3505
22905

======
4:
4655
4895
4468
3901
4435

78508
21205
6419
3306
53743

======
5:
4375
4256
4447
3536
3850

12902
18712
13641
3953
46113

======
6:
4325
4425
3968
4384
4455

12603
7641
2941
7528
36470

======
7:
4405
4145
4406
3830
4225

8301
51739
64330
2979
33379

======
8:
3410
3440
3635
3931
3290

14167
18758
74934
46209
27319

======
9:
4135
3775
4076
4106
4145

58701
12533
3773
3566
26719

======
10:
3821
3641
3886
3605
3616

15548
8786
70343
9044
21889

======
11:
3636
3370
3635
2705
3856

81921
13140
77594
4650
62682

======
