0:
4714
4744
4539
4810
4594

68296
53089
50286
58730
3317

======
1:
3910
3940
4510
4431
4315

97766
29035
32614
22071
116209

======
2:
4314
4425
4436
4021
4335

15846
37592
6122
21673
45618

======
3:
4575
4585
4730
4382
4375

53690
59053
34418
18137
27102

======
4:
4655
4665
4514
4810
4435

61649
65840
56258
58438
16109

======
5:
4514
3940
4255
4121
3850

9177
87485
52513
18833
10746

======
6:
4395
4545
4061
3746
4455

45488
45057
122129
13060
64517

======
7:
4405
4145
4406
3922
4225

25315
75204
17347
15282
50648

======
8:
3762
3440
3490
3931
3290

85074
36179
7059
87666
44867

======
9:
3935
3975
4225
2990
4145

30276
123990
121911
29054
76393

======
10:
3596
3666
3886
3546
3576

103594
112447
119618
92860
118465

======
11:
3636
3440
3635
3320
3856

113096
138383
25730
6034
111001

======
