0:
4714
4744
4539
4791
4568

39337
62301
3359
15036
38511

======
1:
4290
3940
4370
3850
4315

8868
43971
23103
25712
19364

======
2:
4395
4425
4514
4305
4296

24366
23018
40418
28738
11501

======
3:
4575
4585
4525
4382
4196

30721
23658
7199
7857
5873

======
4:
4655
4665
4539
4605
4407

38160
41717
3493
18894
32673

======
5:
3910
4142
3990
3820
4387

34335
13882
25101
17786
6604

======
6:
4395
4425
4061
4257
4455

26885
7431
50302
20063
27236

======
7:
4335
4145
4406
4380
4225

27179
26072
62543
5021
17022

======
8:
3845
3440
3870
3310
3290

9148
58454
2762
2652
23639

======
9:
3906
4096
4225
4020
4155

8135
15165
120534
17352
1817

======
10:
3596
3641
3735
3546
3576

40642
41818
9294
42230
40831

======
11:
3636
3370
3635
3826
3856

36686
8874
69771
45907
8097

======
